-51.1406899066770890
0.5572036399906469
0.755154256367550
0.0007561765311321
0.00000000000000000
0.00
-51.1406899066770890
0.5572036399906469
0.755154256367550
0.0007561765311321
0.00000000000000000
0.00
-76.7970542297534848
0.0017475783638833
0.9984253856380463
0.0065883414293539
0.0227430489041014
0.0000000000000000
-73.7798819979690563
0.0034324393492027
0.9993790049728718
0.0109099808762627
0.0205108593395159
0.0000000000000000
-70.1316479011269962
0.0076031798769278
0.9985127623806981
0.0205312409042870
0.0190898919057025
0.0000000000000000
-66.8261144875565947
0.0152113924872892
0.9965555316815579
0.0361118087466354
0.0184721865381598
0.0000000000000000
-65.8791129132105766
0.0184297679390086
0.9956778191640335
0.0419716015113102
0.0170315878224864
0.0000000000000000
-65.8791129132105766
0.0184297679390086
0.9956778191640335
0.0419716015113102
0.0170315878224864
0.0000000000000000
-65.8791129132105766
0.0184297679390086
0.9956778191640335
0.0419716015113102
0.0170315878224864
0.0000000000000000
-51.1406899066770890
0.1572036399906469
0.9755154256367550
0.1327561765311321
0.0186457610416908
0.00
-76.7970542297534848
0.0017475783638833
0.9984253856380463
0.0065883414293539
0.0227430489041014
0.0000000000000000
-73.7798819979690563
0.0034324393492027
0.9993790049728718
0.0109099808762627
0.0205108593395159
0.0000000000000000
-70.1316479011269962
0.0076031798769278
0.9985127623806981
0.0205312409042870
0.0190898919057025
0.0000000000000000
-66.8261144875565947
0.0152113924872892
0.9965555316815579
0.0361118087466354
0.0184721865381598
0.0000000000000000
-65.8791129132105766
0.0184297679390086
0.9956778191640335
0.0419716015113102
0.0170315878224864
0.0000000000000000
-65.8791129132105766
0.0184297679390086
0.9956778191640335
0.0419716015113102
0.0170315878224864
0.0000000000000000
-65.8791129132105766
0.0184297679390086
0.9956778191640335
0.0419716015113102
0.0170315878224864
0.0000000000000000
-51.1406899066770890
0.1572036399906469
0.9755154256367550
0.1327561765311321
0.0186457610416908
0.00
-76.7970542297534848
0.0017475783638833
0.9984253856380463
0.0065883414293539
0.0227430489041014
0.0000000000000000
-73.7798819979690563
0.0034324393492027
0.9993790049728718
0.0109099808762627
0.0205108593395159
0.0000000000000000
-70.1316479011269962
0.0076031798769278
0.9985127623806981
0.0205312409042870
0.0190898919057025
0.0000000000000000
-66.8261144875565947
0.0152113924872892
0.9965555316815579
0.0361118087466354
0.0184721865381598
0.0000000000000000
-65.8791129132105766
0.0184297679390086
0.9956778191640335
0.0419716015113102
0.0170315878224864
0.0000000000000000
-65.8791129132105766
0.0184297679390086
0.9956778191640335
0.0419716015113102
0.0170315878224864
0.0000000000000000
-65.8791129132105766
0.0184297679390086
0.9956778191640335
0.0419716015113102
0.0170315878224864
0.0000000000000000
